1 10784
101 87905
201 58500
301 92877
401 108772
501 136219
601 175802
701 194924
801 225888
901 253900
1001 285496
1101 327338
1201 352716
1301 389687
1401 415515
1501 511438
1601 477634
1701 513974
1801 550651
1901 579425
2001 614593
2101 653299
2201 704439
2301 722278
2401 625848
2501 804506
2601 753339
2701 800069
2801 790584
2901 829407
3001 857393
3101 906578
3201 912886
3301 944280
3401 829817
3501 852279
3601 1022482
3701 1074966
3801 1105443
3901 1107440
4001 900064
4101 1041766
4201 1033020
4301 1107419
4401 1058517
4501 1092695
4601 1126518
4701 1159636
4801 1185370
4901 1209327
5001 1162458
5101 1148460
5201 1158584
5301 1201598
5401 1228643
5501 1247457
5601 1269606
5701 1294231
5801 1350607
5901 1336328
6001 1263286
6101 1273694
6201 1309361
6301 1327392
6401 1350123
6501 1379903
6601 1397902
6701 1421849
6801 1395359
6901 1361207
7001 1382302
7101 1402758
7201 1415667
7301 1446067
7401 1464640
7501 1480837
7601 1488145
7701 1425454
7801 1446567
7901 1469118
8001 1484212
8101 1499381
8201 1533683
8301 1538053
8401 1509502
8501 1491759
8601 1511964
8701 1521840
8801 1546217
8901 1569486
9001 1589806
9101 1612148
9201 1525946
9301 1554505
9401 1580167
9501 1599133
9601 1619801
9701 1631717
9801 1652349
9901 1604046
10001 1596562
10101 1610413
10201 1618886
10301 1636737
10401 1648745
10501 1675524
10601 1645983
10701 1622351
10801 1641898
10901 1661169
11001 1680282
11101 1719620
11201 1706929
11301 1662740
11401 1670628
11501 1678270
11601 1693146
11701 1707125
11801 1710713
11901 1734527
12001 1689914
12101 1667945
12201 1743453
12301 1699397
12401 1718830
12501 1725816
12601 1744508
12701 1685921
12801 1694700
12901 1723156
13001 1728227
13101 1744221
13201 1753493
13301 1747089
13401 1701305
13501 1719152
13601 1741718
13701 1769832
13801 1768671
13901 1770130
14001 1745055
14101 1731961
14201 1742728
14301 1745479
14401 1758424
14501 1766707
14601 1791785
14701 1729715
14801 1740833
14901 1752902
15001 1763148
15101 1775633
15201 1787730
15301 1776754
15401 1743901
15501 1763820
15601 1778754
15701 1794864
15801 1799508
15901 1806648
16001 1765188
16101 1760570
16201 1774640
16301 1781635
16401 1800856
16501 1805930
16601 1807283
16701 1793254
16801 1785826
16901 1787532
17001 1826634
17101 1828371
17201 1829076
17301 1787265
17401 1803781
17501 1848806
17601 1810606
17701 1869081
17801 1839494
17901 1849951
18001 1873480
18101 1881253
18201 1893326
18301 1936570
18401 1905980
18501 1943408
18601 1935107
18701 1947903
18801 1961176
18901 1979091
19001 1988109
19101 1999989
19201 2022988
19301 2023916
19401 2082111
19501 2062739
19601 2056275
19701 2089411
19801 2092995
19901 2104299
20001 2118272
20101 2110157
20201 2117590
20301 2127901
20401 2135761
20501 2147402
20601 2156945
20701 2186408
20801 2182463
20901 2194092
21001 2208815
21101 2236968
21201 2319852
21301 2250839
21401 2278128
21501 2307194
21601 2294226
21701 2296399
21801 2318367
21901 2347536
22001 2356790
22101 2385275
22201 2354697
22301 2422353
22401 2370855
22501 2397647
22601 2393795
22701 2404093
22801 2441880
22901 2438077
23001 2446298
23101 2460029
23201 2471772
23301 2487873
23401 2490770
23501 2512902
23601 2504075
23701 2525895
23801 2649572
23901 2781010
24001 2778328
24101 2777427
24201 3058811
24301 2776346
24401 2786628
24501 2805212
24601 2803313
24701 2778118
24801 2752072
24901 2758631
25001 2774890
25101 2765718
25201 2798111
25301 2838860
25401 2748982
25501 2726892
25601 2731429
25701 2769724
25801 2812259
25901 2772580
26001 2784552
26101 2813172
26201 2811170
26301 2818721
26401 2864084
26501 2853911
26601 2861553
26701 2855216
26801 2871376
26901 2883301
27001 2919836
27101 2905772
27201 2924491
27301 2938953
27401 2947961
27501 2995921
27601 2967807
27701 3080152
27801 3019669
27901 2990593
28001 3006874
28101 3046937
28201 3381594
28301 4426033
28401 3088900
28501 3082506
28601 3150374
28701 3094230
28801 3096246
28901 3107114
29001 3147694
29101 3187024
29201 3145779
29301 3191721
29401 3169113
29501 3178323
29601 3209012
29701 3193445
29801 3213654
29901 3213831
30001 3238624
30101 3261786
30201 3252664
30301 3262192
30401 3274823
30501 3289799
30601 3333882
30701 3350169
30801 3330612
30901 3499474
31001 3604502
31101 3617374
31201 3630254
31301 3650606
31401 3654519
31501 3693126
31601 3544220
31701 3548634
31801 3556427
31901 3634628
32001 3839699
32101 3467248
32201 3490300
32301 3485451
32401 3513584
32501 3510696
32601 3518558
32701 3597763
32801 3558747
32901 3577976
33001 3568562
33101 3578124
33201 3592060
33301 3648134
33401 3623396
33501 3636320
33601 3645193
33701 3649228
33801 3668725
33901 3691091
34001 3705394
34101 3731170
34201 3780500
34301 3803776
34401 4067969
34501 4083103
34601 4083765
34701 3971024
34801 3963423
34901 3960537
35001 3984569
35101 3994008
35201 3860259
35301 3861582
35401 3897216
35501 3939293
35601 3889209
35701 3942066
35801 3984044
35901 3938454
36001 3942425
36101 3964637
36201 4006308
36301 4185245
36401 4046119
36501 4065652
36601 4048288
36701 4083264
36801 4048278
36901 4074849
37001 4110881
37101 4137163
37201 4149023
37301 4123282
37401 4148776
37501 4148069
37601 4161856
37701 4179213
37801 4210925
37901 4202151
38001 4219166
38101 4228607
38201 4277701
38301 4525715
38401 4271041
38501 4268754
38601 4324796
38701 4300790
38801 4327179
38901 4317859
39001 4385002
39101 4345084
39201 4374262
39301 4429352
39401 4385773
39501 4456822
39601 4409484
39701 4430017
39801 4421374
39901 4434613
40001 4447100
40101 4473361
40201 4682434
40301 4475959
40401 4520942
40501 4554636
40601 4545012
40701 4532240
40801 4535871
40901 4537107
41001 4557188
41101 4574576
41201 4602724
41301 4604219
41401 4593463
41501 4637344
41601 4610472
41701 4662004
41801 4672833
41901 4678146
42001 4701055
42101 4690553
42201 4721625
42301 4720417
42401 4846311
42501 4806524
42601 4754935
42701 4768467
42801 4781989
42901 4860637
43001 4863409
43101 4818458
43201 4899318
43301 4926928
43401 4868084
43501 4916615
43601 4955927
43701 5204785
43801 4977004
43901 4950343
44001 4937531
44101 4989141
44201 4991982
44301 4974776
44401 4982237
44501 5030932
44601 5043174
44701 5156189
44801 5412724
44901 5400465
45001 5397755
45101 5418891
45201 5293770
45301 5257616
45401 5322611
45501 5122929
45601 5173520
45701 5196863
45801 5171426
45901 5176509
46001 5185947
46101 5266110
46201 5220376
46301 5240649
46401 5247872
46501 5252466
46601 5260453
46701 5272339
46801 5301296
46901 5280257
47001 5339340
47101 5284819
47201 5299195
47301 5407829
47401 5362833
47501 5352616
47601 5446219
47701 5448958
47801 5389390
47901 5435813
48001 5410687
48101 5414561
48201 5716601
48301 5423913
48401 5444349
48501 5492973
48601 5486193
48701 5454461
48801 5527874
48901 5480991
49001 5515143
49101 6727944
49201 8756683
49301 8771293
49401 8773062
49501 8899618
49601 8878636
49701 8712102
49801 9346037
49901 9201960
50001 7637119
50101 6055700
50201 6093624
50301 5905078
50401 5937085
50501 5801549
50601 5749868
50701 5716123
50801 5780161
50901 5781122
51001 5776071
51101 5804582
51201 5796922
51301 5837872
51401 5832402
51501 5831666
51601 5855080
51701 5912619
51801 5878554
51901 5920931
52001 6155379
52101 5918488
52201 5926191
52301 5971806
52401 5997912
52501 5972897
52601 5963208
52701 5993744
52801 6023415
52901 5984685
53001 6009323
53101 6007701
53201 6028748
53301 6067047
53401 6042570
53501 6087311
53601 6100202
53701 6113266
53801 6120666
53901 6123838
54001 6187903
54101 6207659
54201 6147911
54301 6250033
54401 6253424
54501 6339708
54601 6677985
54701 6686397
54801 6711074
54901 6563959
