1 3572
1501 272454
3001 491939
4501 754509
6001 25056832
7501 11470485
9001 1523537
10501 23390336
12001 2158923
13501 26469070
15001 26768677
16501 3025444
18001 27390994
19501 31722546
21001 24049252
22501 24331903
24001 48624294
25501 25413544
27001 29198648
28501 49932486
30001 34935438
31501 26150654
33001 50481141
34501 22343607
36001 43121431
37501 23514191
39001 35766450
40501 30141864
42001 36443409
43501 24730794
45001 25026885
46501 40114975
48001 17896977
49501 25407073
51001 10258571
52501 10064237
54001 6610287

